2333	0
1175	1
39	2
288	3
2337	4
1535	5
1392	6
2268	7
1466	8
860	9
1683	10
866	11
1684	12
2916	13
2770	14
215	15
1759	16
501	17
3578	18
506	19
1250	20
3793	21
509	22
41	23
1610	24
2058	25
3799	26
2997	27
47	28
2700	29
296	30
581	31
1617	32
728	33
299	34
3079	35
2560	36
1909	37
150	38
224	39
3728	40
229	41
6	42
3006	43
2858	44
1046	45
515	46
800	47
50	48
52	49
1191	50
1192	51
733	52
3081	53
377	54
2353	55
1268	56
3083	57
2427	58
3513	59
2428	60
2355	61
2282	62
3514	63
1554	64
1912	65
593	66
2359	67
2716	68
1485	69
2717	70
2571	71
2289	72
162	73
1127	74
3016	75
2070	76
1704	77
3163	78
2437	79
2291	80
1635	81
1279	82
2721	83
2723	84
1921	85
2725	86
1923	87
2580	88
3386	89
3744	90
968	91
896	92
3020	93
1788	94
318	95
176	96
461	97
608	98
1429	99
2159	100
1715	101
1643	102
3249	103
3176	104
1719	105
2806	106
2734	107
1649	108
321	109
2013	110
3100	111
2952	112
1213	113
1794	114
2599	115
1500	116
3105	117
2959	118
1509	119
1721	120
1722	121
1650	122
908	123
1580	124
1653	125
2384	126
1729	127
3476	128
2890	129
3113	130
2028	131
16	132
265	133
2029	134
194	135
551	136
1513	137
3046	138
2318	139
1517	140
1089	141
3260	142
913	143
1730	144
3408	145
3409	146
2607	147
1449	148
1732	149
1733	150
2390	151
1734	152
3266	153
3267	154
919	155
3624	156
2395	157
1594	158
2683	159
412	160
2759	161
994	162
1884	163
1885	164
272	165
24	166
3051	167
348	168
2323	169
1093	170
29	171
562	172
1095	173
1527	174
1529	175
3418	176
2188	177
497	178
202	179
1747	180
2908	181
2762	182
2692	183
1966	184
3499	185
353	186
32	187
1243	188
1897	189
1171	190
3786	191
34	192
356	193
357	194
36	195
714	196
648	197
861	198
589	199
442	200
1196	201
380	202
1997	203
1270	204
457	205
1573	206
3753	207
3107	208
474	209
3256	210
110	211
1221	212
480	213
349	214
1753	215
1682	216
216	217
1259	218
1188	219
2706	220
586	221
587	222
2639	223
2136	224
1265	225
2710	226
663	227
590	228
1197	229
2712	230
1198	231
1916	232
597	233
3448	234
231	235
1777	236
2076	237
1278	238
1784	239
246	240
249	241
1358	242
1288	243
2804	244
3608	245
3396	246
3101	247
2598	248
2302	249
2306	250
764	251
2746	252
333	253
1441	254
2174	255
3552	256
778	257
342	258
1887	259
345	260
2321	261
2325	262
3129	263
2329	264
784	265
2907	266
788	267
2766	268
2335	269
1461	270
1394	271
2918	272
435	273
3146	274
3148	275
1546	276
1042	277
440	278
441	279
3809	280
2791	281
2795	282
1059	283
454	284
1701	285
3160	286
2431	287
2507	288
1563	289
1498	290
1136	291
531	292
3174	293
3178	294
104	295
3755	296
2883	297
543	298
3255	299
3182	300
85	301
88	302
986	303
1080	304
481	305
2539	306
1665	307
2396	308
2106	309
2109	310
1307	311
708	312
1673	313
1244	314
2987	315
2555	316
2629	317
2485	318
2701	319
2568	320
3004	321
1269	322
2713	323
1911	324
3516	325
2643	326
2572	327
2720	328
2722	329
2724	330
2581	331
2805	332
266	333
2828	334
2761	335
2699	336
2856	337
2369	338
3175	339
2888	340
2392	341
2394	342
2975	343
1179	344
2553	345
2554	346
3932	347
3863	348
1253	349
720	350
1185	351
3503	352
223	353
1408	354
3879	355
1193	356
3510	357
2640	358
595	359
300	360
3375	361
235	362
1779	363
163	364
164	365
2140	366
1343	367
1274	368
741	369
3527	370
3457	371
2657	372
316	373
319	374
247	375
1428	376
1356	377
750	378
1284	379
2660	380
2661	381
2662	382
2663	383
2664	384
2667	385
2668	386
3032	387
329	388
3033	389
3108	390
2093	391
3471	392
260	393
2311	394
3114	395
1370	396
2173	397
198	398
1374	399
1376	400
2752	401
3484	402
1019	403
340	404
3700	405
924	406
3701	407
3702	408
780	409
3703	410
2901	411
3704	412
3638	413
30	414
428	415
1601	416
2407	417
1396	418
3713	419
2912	420
3717	421
3576	422
503	423
293	424
3070	425
1614	426
3147	427
2346	428
942	429
3658	430
446	431
1624	432
3156	433
2287	434
2288	435
3662	436
3594	437
1129	438
3300	439
2501	440
527	441
529	442
1200	443
3745	444
1206	445
2009	446
1069	447
3246	448
76	449
2377	450
2010	451
2011	452
3751	453
1210	454
3827	455
1214	456
1215	457
610	458
541	459
1077	460
2526	461
2527	462
2454	463
2528	464
2455	465
2529	466
1584	467
2021	468
3696	469
3699	470
2600	471
628	472
3334	473
2533	474
3269	475
1301	476
2105	477
707	478
1097	479
2613	480
3417	481
2542	482
496	483
2549	484
1748	485
3927	486
1240	487
2116	488
2117	489
2046	490
2985	491
2989	492
2622	493
2628	494
1688	495
2123	496
2052	497
2054	498
2993	499
1186	500
653	501
3438	502
1907	503
588	504
3439	505
1690	506
222	507
1	508
2	509
153	510
158	511
2133	512
2137	513
3877	514
2139	515
3440	516
736	517
737	518
592	519
594	520
596	521
2718	522
2573	523
1918	524
302	525
232	526
1411	527
2141	528
2142	529
168	530
2143	531
2145	532
1344	533
1271	534
3889	535
1275	536
2078	537
3526	538
313	539
2153	540
2080	541
2081	542
2082	543
2083	544
1282	545
2085	546
1357	547
2087	548
2089	549
3461	550
2807	551
2735	552
2739	553
3397	554
3398	555
3399	556
327	557
3034	558
2161	559
2090	560
902	561
1291	562
2167	563
2096	564
1367	565
838	566
839	567
1005	568
1873	569
3479	570
405	571
10	572
1876	573
261	574
262	575
17	576
2248	577
1377	578
1378	579
1379	580
3623	581
1013	582
2826	583
1954	584
1882	585
1956	586
2686	587
3489	588
26	589
2253	590
920	591
1387	592
3705	593
3633	594
783	595
3635	596
1022	597
1960	598
2763	599
3639	600
2764	601
1962	602
1025	603
3494	604
421	605
1028	606
1029	607
1967	608
1968	609
2402	610
2404	611
1606	612
2336	613
2193	614
1391	615
2194	616
1032	617
1033	618
1036	619
434	620
364	621
291	622
292	623
44	624
2414	625
367	626
368	627
48	628
1544	629
2348	630
940	631
2278	632
3723	633
1049	634
2421	635
2422	636
1552	637
1126	638
3668	639
2797	640
1702	641
1562	642
2294	643
1639	644
2000	645
2001	646
2002	647
1499	648
1201	649
2005	650
2006	651
969	652
2872	653
1207	654
2947	655
2948	656
1064	657
532	658
1711	659
466	660
2370	661
3247	662
2373	663
2375	664
2951	665
2014	666
2953	667
2018	668
2019	669
1073	670
616	671
546	672
3252	673
2450	674
475	675
3257	676
86	677
1654	678
1587	679
2020	680
2025	681
2893	682
3698	683
552	684
555	685
1801	686
1804	687
485	688
1805	689
2391	690
95	691
1591	692
1739	693
3911	694
2100	695
1234	696
1094	697
493	698
2616	699
2470	700
2617	701
1676	702
1678	703
208	704
2115	705
2042	706
1242	707
1246	708
3421	709
1756	710
3930	711
1321	712
2990	713
2991	714
1327	715
1258	716
2633	717
2707	718
2490	719
2638	720
3948	721
1407	722
1334	723
1261	724
2064	725
1262	726
1339	727
2644	728
2719	729
2646	730
2647	731
2574	732
1772	733
2648	734
2649	735
165	736
1340	737
1345	738
1277	739
2653	740
1350	741
1792	742
2160	743
1431	744
2094	745
330	746
1371	747
1372	748
1373	749
1375	750
842	751
2687	752
2324	753
858	754
785	755
2836	756
1961	757
420	758
2694	759
3208	760
1608	761
2338	762
2195	763
2841	764
1974	765
3213	766
879	767
2782	768
1982	769
2789	770
2423	771
3082	772
2860	773
2790	774
3596	775
1994	776
2502	777
2366	778
2367	779
2296	780
2004	781
2949	782
1717	783
1644	784
1645	785
2376	786
3752	787
1219	788
1148	789
3325	790
111	791
1655	792
1220	793
3264	794
2393	795
1597	796
2103	797
1090	798
2976	799
3273	800
3928	801
585	802
3000	803
2800	804
3053	805
3268	806
3774	807
3422	808
3423	809
719	810
3426	811
3287	812
2558	813
217	814
1689	815
2053	816
3500	817
2059	818
724	819
3501	820
3502	821
3506	822
3360	823
3361	824
3362	825
1833	826
3	827
4	828
5	829
7	830
2134	831
1409	832
804	833
3441	834
1917	835
303	836
160	837
234	838
161	839
236	840
237	841
2144	842
2146	843
1347	844
818	845
3450	846
673	847
3525	848
3528	849
315	850
317	851
248	852
1422	853
2154	854
1425	855
1285	856
2802	857
252	858
185	859
3039	860
830	861
832	862
762	863
3614	864
1298	865
765	866
3543	867
1003	868
694	869
1947	870
11	871
3040	872
337	873
2312	874
2313	875
339	876
267	877
195	878
2316	879
2243	880
2245	881
2247	882
2822	883
1015	884
1880	885
1955	886
1883	887
413	888
1957	889
1958	890
416	891
344	892
1888	893
276	894
278	895
3056	896
1380	897
1381	898
2259	899
1457	900
852	901
1388	902
3707	903
1020	904
2906	905
1021	906
350	907
424	908
3130	909
2403	910
429	911
3206	912
2406	913
3063	914
2261	915
38	916
2262	917
2409	918
1463	919
1390	920
2266	921
1393	922
2269	923
1100	924
1101	925
2915	926
500	927
1035	928
432	929
3210	930
2779	931
361	932
2411	933
2412	934
2340	935
45	936
1541	937
3219	938
2418	939
3584	940
511	941
370	942
517	943
518	944
445	945
2420	946
3152	947
2424	948
2352	949
378	950
1625	951
2429	952
1556	953
3590	954
3591	955
2794	956
450	957
524	958
2798	959
381	960
455	961
62	962
1703	963
3308	964
64	965
3098	966
1569	967
2003	968
2942	969
1135	970
2875	971
605	972
609	973
463	974
539	975
1713	976
1640	977
467	978
74	979
3173	980
3248	981
2447	982
2012	983
2950	984
2881	985
3684	986
3686	987
612	988
540	989
3688	990
3689	991
542	992
471	993
472	994
1079	995
3253	996
3254	997
3259	998
2459	999
2387	1000
1586	1001
1588	1002
118	1003
3835	1004
3690	1005
550	1006
1084	1007
3331	1008
1088	1009
3261	1010
3263	1011
487	1012
2463	1013
94	1014
3194	1015
1663	1016
122	1017
1593	1018
2469	1019
125	1020
1302	1021
3846	1022
1092	1023
491	1024
1810	1025
2541	1026
3274	1027
2473	1028
499	1029
207	1030
135	1031
2111	1032
1247	1033
1176	1034
3943	1035
3949	1036
1922	1037
3554	1038
3072	1039
1545	1040
1041	1041
3155	1042
2442	1043
1216	1044
1657	1045
2966	1046
2544	1047
3507	1048
3363	1049
2208	1050
2135	1051
2065	1052
3012	1053
1276	1054
3524	1055
3451	1056
3022	1057
3028	1058
1281	1059
3462	1060
1937	1061
2300	1062
3104	1063
3037	1064
901	1065
905	1066
1297	1067
2747	1068
910	1069
21	1070
921	1071
3200	1072
933	1073
934	1074
3640	1075
1976	1076
946	1077
2922	1078
947	1079
2780	1080
3088	1081
951	1082
955	1083
957	1084
2935	1085
2936	1086
1125	1087
2792	1088
3096	1089
961	1090
3740	1091
3671	1092
2870	1093
3675	1094
898	1095
2874	1096
3244	1097
2371	1098
3685	1099
3189	1100
3836	1101
1230	1102
1304	1103
1235	1104
3341	1105
3349	1106
3298	1107
2961	1108
2605	1109
2550	1110
1754	1111
3798	1112
2709	1113
151	1114
3011	1115
2077	1116
745	1117
3466	1118
904	1119
1294	1120
2097	1121
3612	1122
3044	1123
912	1124
1952	1125
1030	1126
2846	1127
1983	1128
1984	1129
1985	1130
1986	1131
3153	1132
953	1133
3168	1134
2297	1135
891	1136
107	1137
3821	1138
2017	1139
3251	1140
1223	1141
2968	1142
2460	1143
2461	1144
2462	1145
2399	1146
3771	1147
2107	1148
3412	1149
494	1150
2471	1151
2110	1152
2043	1153
1821	1154
3284	1155
1680	1156
3358	1157
140	1158
144	1159
218	1160
2124	1161
3504	1162
3436	1163
2491	1164
1835	1165
2492	1166
2496	1167
2205	1168
3873	1169
3874	1170
802	1171
1914	1172
305	1173
1414	1174
671	1175
1782	1176
2150	1177
2155	1178
1353	1179
1286	1180
753	1181
3534	1182
2738	1183
186	1184
900	1185
1292	1186
2168	1187
1296	1188
3540	1189
909	1190
691	1191
2671	1192
697	1193
1948	1194
1875	1195
2241	1196
3045	1197
911	1198
914	1199
915	1200
916	1201
1014	1202
779	1203
1016	1204
2829	1205
1018	1206
1959	1207
25	1208
3052	1209
2252	1210
1453	1211
928	1212
1894	1213
1600	1214
355	1215
2331	1216
35	1217
3061	1218
287	1219
289	1220
2339	1221
1537	1222
1398	1223
937	1224
2849	1225
2415	1226
46	1227
2416	1228
2417	1229
3076	1230
943	1231
1043	1232
371	1233
447	1234
2426	1235
2356	1236
3087	1237
1057	1238
1632	1239
2292	1240
3097	1241
1566	1242
3099	1243
3812	1244
3814	1245
2941	1246
899	1247
2443	1248
1641	1249
468	1250
469	1251
1571	1252
2015	1253
2884	1254
3258	1255
2385	1256
1226	1257
1083	1258
489	1259
2468	1260
1666	1261
2037	1262
633	1263
492	1264
566	1265
205	1266
1677	1267
3852	1268
1252	1269
1267	1270
661	1271
2344	1272
112	1273
3265	1274
159	1275
2641	1276
3452	1277
3615	1278
13	1279
376	1280
3735	1281
1054	1282
3741	1283
1204	1284
89	1285
556	1286
3785	1287
3861	1288
2126	1289
3952	1290
1518	1291
1385	1292
886	1293
1589	1294
996	1295
145	1296
3617	1297
423	1298
3646	1299
1047	1300
70	1301
3697	1302
93	1303
3916	1304
1233	1305
1183	1306
3019	1307
3060	1308
1845	1309
2786	1310
514	1311
1060	1312
1249	1313
1320	1314
3937	1315
3864	1316
3868	1317
2057	1318
1333	1319
1264	1320
1199	1321
674	1322
748	1323
3024	1324
3893	1325
1287	1326
903	1327
1295	1328
695	1329
2315	1330
2176	1331
849	1332
2184	1333
926	1334
2405	1335
1603	1336
2408	1337
2410	1338
880	1339
954	1340
2363	1341
2364	1342
2365	1343
3328	1344
2456	1345
3404	1346
2530	1347
2531	1348
2532	1349
1590	1350
2467	1351
3198	1352
2615	1353
1674	1354
1831	1355
1760	1356
1694	1357
2642	1358
2728	1359
172	1360
173	1361
2808	1362
1862	1363
2744	1364
196	1365
1010	1366
3481	1367
1965	1368
1103	1369
2919	1370
1037	1371
3654	1372
2857	1373
519	1374
379	1375
3802	1376
3660	1377
1120	1378
3663	1379
3664	1380
1124	1381
3593	1382
2867	1383
66	1384
2944	1385
2871	1386
1205	1387
1208	1388
392	1389
3826	1390
1217	1391
611	1392
1222	1393
1224	1394
2891	1395
1225	1396
1231	1397
2034	1398
2038	1399
3923	1400
1311	1401
2118	1402
2986	1403
1251	1404
1254	1405
650	1406
3871	1407
2067	1408
1266	1409
3018	1410
2147	1411
1272	1412
1421	1413
1283	1414
1293	1415
923	1416
3201	1417
3134	1418
930	1419
938	1420
945	1421
3224	1422
3157	1423
950	1424
3089	1425
959	1426
3307	1427
3091	1428
3095	1429
965	1430
976	1431
978	1432
3185	1433
2398	1434
3414	1435
3350	1436
3359	1437
3435	1438
2565	1439
314	1440
2731	1441
1935	1442
3469	1443
3545	1444
2670	1445
3549	1446
1949	1447
199	1448
1951	1449
1953	1450
28	1451
3655	1452
58	1453
3808	1454
3811	1455
3742	1456
3816	1457
2943	1458
1066	1459
1212	1460
615	1461
1081	1462
1228	1463
3910	1464
1300	1465
1303	1466
1237	1467
1241	1468
1172	1469
3882	1470
3897	1471
786	1472
3238	1473
3316	1474
3190	1475
3511	1476
3555	1477
3564	1478
3743	1479
3908	1480
3784	1481
3789	1482
1177	1483
1256	1484
2130	1485
1401	1486
2206	1487
1263	1488
806	1489
2069	1490
664	1491
2212	1492
3015	1493
2079	1494
3103	1495
3109	1496
1432	1497
1363	1498
1366	1499
906	1500
1299	1501
3110	1502
2314	1503
2177	1504
848	1505
1450	1506
2183	1507
922	1508
2186	1509
782	1510
929	1511
3068	1512
931	1513
932	1514
1395	1515
3142	1516
2413	1517
2341	1518
3145	1519
3074	1520
2272	1521
1477	1522
949	1523
1620	1524
1629	1525
1488	1526
956	1527
2435	1528
2436	1529
2290	1530
960	1531
3317	1532
100	1533
105	1534
974	1535
1727	1536
2457	1537
3330	1538
1735	1539
3197	1540
2472	1541
2474	1542
132	1543
3420	1544
3424	1545
141	1546
3430	1547
3508	1548
3365	1549
3296	1550
225	1551
3518	1552
230	1553
3529	1554
2729	1555
1783	1556
3600	1557
3602	1558
1931	1559
1934	1560
3468	1561
1938	1562
254	1563
182	1564
3613	1565
2819	1566
1944	1567
1945	1568
1946	1569
3478	1570
269	1571
2820	1572
1950	1573
3629	1574
3557	1575
2755	1576
410	1577
2757	1578
418	1579
279	1580
3706	1581
3634	1582
1964	1583
3498	1584
281	1585
1104	1586
431	1587
360	1588
508	1589
437	1590
3724	1591
3729	1592
1050	1593
3738	1594
2863	1595
2939	1596
521	1597
451	1598
382	1599
2940	1600
1203	1601
2946	1602
1209	1603
465	1604
78	1605
79	1606
1078	1607
82	1608
2023	1609
1227	1610
1082	1611
1086	1612
3841	1613
3844	1614
1161	1615
630	1616
1096	1617
1099	1618
2112	1619
3929	1620
1245	1621
1173	1622
640	1623
3005	1624
3007	1625
2310	1626
3115	1627
2505	1628
1707	1629
2606	1630
166	1631
2596	1632
2672	1633
2678	1634
2827	1635
2688	1636
2693	1637
2772	1638
1416	1639
2913	1640
3869	1641
1187	1642
3124	1643
3301	1644
1419	1645
869	1646
2357	1647
123	1648
2583	1649
1963	1650
575	1651
577	1652
8	1653
1405	1654
801	1655
2152	1656
1359	1657
2162	1658
2092	1659
837	1660
3054	1661
1460	1662
1474	1663
1551	1664
2354	1665
3159	1666
1489	1667
885	1668
2430	1669
1495	1670
1582	1671
3400	1672
1806	1673
1592	1674
2559	1675
146	1676
1919	1677
1848	1678
238	1679
239	1680
169	1681
1920	1682
181	1683
258	1684
19	1685
3483	1686
502	1687
362	1688
60	1689
87	1690
2899	1691
558	1692
700	1693
2036	1694
631	1695
709	1696
711	1697
3794	1698
3946	1699
3898	1700
1446	1701
3710	1702
536	1703
3783	1704
718	1705
805	1706
1459	1707
1762	1708
256	1709
1892	1710
55	1711
3067	1712
2927	1713
3730	1714
2973	1715
3788	1716
2073	1717
3035	1718
268	1719
2788	1720
1238	1721
534	1722
553	1723
2285	1724
998	1725
2840	1726
2771	1727
3649	1728
2861	1729
3763	1730
3029	1731
1515	1732
3384	1733
1248	1734
2132	1735
2210	1736
2181	1737
3230	1738
3093	1739
1661	1740
3340	1741
3370	1742
1925	1743
1929	1744
3467	1745
1939	1746
1942	1747
2917	1748
3726	1749
2852	1750
3683	1751
1147	1752
1167	1753
1542	1754
1672	1755
1860	1756
538	1757
477	1758
3883	1759
3895	1760
3327	1761
3354	1762
3285	1763
3512	1764
3536	1765
1971	1766
1977	1767
3917	1768
2138	1769
2099	1770
2566	1771
1009	1772
1012	1773
1017	1774
1023	1775
1031	1776
73	1777
2033	1778
3203	1779
1623	1780
2453	1781
2540	1782
157	1783
3537	1784
3556	1785
1995	1786
3764	1787
3918	1788
2125	1789
1257	1790
3062	1791
1616	1792
2273	1793
941	1794
892	1795
3406	1796
2476	1797
507	1798
2978	1799
2995	1800
2478	1801
241	1802
3538	1803
2876	1804
2114	1805
2048	1806
1785	1807
3934	1808
742	1809
2327	1810
3919	1811
1091	1812
715	1813
3865	1814
3795	1815
678	1816
1605	1817
1476	1818
3150	1819
2284	1820
991	1821
3357	1822
2561	1823
1834	1824
3515	1825
253	1826
3551	1827
1889	1828
2769	1829
290	1830
3720	1831
373	1832
3747	1833
3822	1834
3754	1835
3756	1836
3857	1837
645	1838
574	1839
649	1840
1180	1841
1189	1842
665	1843
668	1844
1280	1845
1354	1846
824	1847
766	1848
2171	1849
846	1850
3125	1851
781	1852
3211	1853
1543	1854
1633	1855
101	1856
117	1857
2609	1858
1596	1859
3416	1860
3429	1861
1827	1862
211	1863
147	1864
1900	1865
1840	1866
2575	1867
306	1868
1859	1869
175	1870
180	1871
3477	1872
2676	1873
2677	1874
406	1875
190	1876
2696	1877
2697	1878
1895	1879
2925	1880
2929	1881
3819	1882
3746	1883
535	1884
617	1885
81	1886
627	1887
97	1888
1310	1889
2998	1890
1464	1891
1619	1892
1479	1893
2497	1894
154	1895
233	1896
242	1897
42	1898
383	1899
2873	1900
3926	1901
3941	1902
3942	1903
735	1904
2148	1905
918	1906
2361	1907
206	1908
2495	1909
1856	1910
3539	1911
3627	1912
1024	1913
512	1914
3679	1915
1218	1916
3766	1917
3693	1918
2102	1919
2202	1920
2204	1921
2612	1922
3606	1923
3535	1924
1941	1925
2937	1926
2203	1927
3801	1928
490	1929
2433	1930
1797	1931
3860	1932
3950	1933
3896	1934
2301	1935
1502	1936
2091	1937
1290	1938
1539	1939
1612	1940
3225	1941
3302	1942
2506	1943
1564	1944
2518	1945
3179	1946
1648	1947
3324	1948
1658	1949
987	1950
3275	1951
2482	1952
1904	1953
2567	1954
1767	1955
3299	1956
156	1957
179	1958
2736	1959
322	1960
3616	1961
3618	1962
338	1963
417	1964
425	1965
1896	1966
427	1967
3712	1968
3581	1969
3598	1970
68	1971
1202	1972
3749	1973
72	1974
3823	1975
1211	1976
3901	1977
3831	1978
2962	1979
2969	1980
1306	1981
1236	1982
638	1983
498	1984
2041	1985
1194	1986
1273	1987
2088	1988
3030	1989
3036	1990
2255	1991
2334	1992
1615	1993
2349	1994
2295	1995
2374	1996
3196	1997
3199	1998
3342	1999
209	2000
3519	2001
3394	2002
3395	2003
2750	2004
271	2005
2905	2006
3497	2007
352	2008
2851	2009
372	2010
3733	2011
2796	2012
3672	2013
464	2014
3760	2015
3834	2016
1162	2017
2977	2018
564	2019
639	2020
2120	2021
809	2022
1342	2023
829	2024
688	2025
2166	2026
1438	2027
836	2028
692	2029
2170	2030
2322	2031
2328	2032
1456	2033
1604	2034
1465	2035
1468	2036
799	2037
1473	2038
1475	2039
2279	2040
2280	2041
1627	2042
2439	2043
1497	2044
2514	2045
2516	2046
3177	2047
2389	2048
1599	2049
1812	2050
1744	2051
2548	2052
204	2053
2625	2054
3355	2055
1752	2056
1681	2057
3286	2058
1687	2059
2702	2060
1902	2061
152	2062
1769	2063
1771	2064
3454	2065
240	2066
1858	2067
170	2068
1866	2069
2597	2070
1869	2071
328	2072
1799	2073
188	2074
332	2075
407	2076
3553	2077
20	2078
273	2079
3709	2080
2835	2081
3565	2082
3566	2083
1973	2084
438	2085
366	2086
1119	2087
2793	2088
1992	2089
1993	2090
459	2091
71	2092
544	2093
548	2094
479	2095
2026	2096
2965	2097
2898	2098
98	2099
2108	2100
2974	2101
704	2102
2113	2103
3782	2104
2072	2105
2165	2106
831	2107
2263	2108
1611	2109
3071	2110
1613	2111
948	2112
2504	2113
2368	2114
2513	2115
3243	2116
2517	2117
3186	2118
984	2119
3401	2120
3262	2121
3271	2122
203	2123
2551	2124
3388	2125
2803	2126
3392	2127
324	2128
3546	2129
193	2130
18	2131
3480	2132
346	2133
1051	2134
1991	2135
522	2136
3673	2137
3674	2138
3676	2139
3758	2140
473	2141
201	2142
3509	2143
1693	2144
3453	2145
2748	2146
277	2147
3791	2148
2060	2149
599	2150
2231	2151
2240	2152
3117	2153
876	2154
952	2155
2360	2156
2372	2157
2378	2158
3250	2159
3329	2160
1728	2161
1924	2162
1926	2163
1927	2164
1928	2165
2587	2166
1930	2167
1932	2168
1933	2169
1936	2170
255	2171
1940	2172
1943	2173
3548	2174
3475	2175
2924	2176
3825	2177
3770	2178
1178	2179
647	2180
659	2181
3002	2182
3872	2183
1260	2184
2066	2185
669	2186
3010	2187
3951	2188
1413	2189
1415	2190
3885	2191
670	2192
680	2193
1289	2194
3038	2195
1361	2196
2238	2197
907	2198
3111	2199
3047	2200
2178	2201
2180	2202
2182	2203
854	2204
3069	2205
3075	2206
2351	2207
3304	2208
3235	2209
1631	2210
3090	2211
2511	2212
3241	2213
2512	2214
2440	2215
1572	2216
970	2217
971	2218
3188	2219
3192	2220
2488	2221
2630	2222
3364	2223
2708	2224
3366	2225
1699	2226
1910	2227
1913	2228
2645	2229
3379	2230
2579	2231
307	2232
308	2233
2726	2234
3456	2235
2659	2236
2732	2237
183	2238
3470	2239
3547	2240
2824	2241
3559	2242
2689	2243
2830	2244
3568	2245
3571	2246
3718	2247
1034	2248
2774	2249
2920	2250
3731	2251
2932	2252
3736	2253
2864	2254
456	2255
1131	2256
1132	2257
1061	2258
3678	2259
2879	2260
1068	2261
3680	2262
3681	2263
3682	2264
2880	2265
549	2266
3903	2267
3837	2268
1085	2269
99	2270
3913	2271
3914	2272
3915	2273
2104	2274
2970	2275
1305	2276
1232	2277
3925	2278
3855	2279
2983	2280
3787	2281
312	2282
69	2283
1169	2284
1323	2285
2520	2286
2525	2287
2475	2288
2971	2289
2552	2290
3768	2291
1609	2292
409	2293
65	2294
3135	2295
2276	2296
137	2297
2626	2298
2498	2299
334	2300
3909	2301
2122	2302
1346	2303
1355	2304
2169	2305
2249	2306
1389	2307
2265	2308
798	2309
870	2310
2445	2311
2519	2312
1647	2313
2379	2314
3180	2315
999	2316
1746	2317
2634	2318
2637	2319
2714	2320
2651	2321
2654	2322
1854	2323
3387	2324
174	2325
177	2326
259	2327
12	2328
408	2329
191	2330
414	2331
22	2332
275	2333
1027	2334
426	2335
354	2336
282	2337
430	2338
1975	2339
433	2340
436	2341
516	2342
520	2343
1128	2344
533	2345
2889	2346
2027	2347
637	2348
569	2349
710	2350
1427	2351
917	2352
1523	2353
1531	2354
2900	2355
43	2356
3824	2357
1076	2358
2988	2359
2121	2360
1329	2361
2149	2362
2232	2363
761	2364
3048	2365
1382	2366
2401	2367
3139	2368
3066	2369
944	2370
3169	2371
964	2372
2524	2373
2451	2374
1726	2375
3405	2376
3347	2377
2477	2378
3367	2379
3444	2380
2650	2381
2655	2382
2582	2383
3385	2384
2656	2385
2815	2386
3550	2387
3628	2388
3487	2389
419	2390
2902	2391
3708	2392
3491	2393
3643	2394
504	2395
2921	2396
3804	2397
3732	2398
3807	2399
2866	2400
3599	2401
1130	2402
2877	2403
3769	2404
3840	2405
2040	2406
1487	2407
280	2408
3120	2409
3505	2410
3014	2411
2163	2412
963	2413
1863	2414
1007	2415
2035	2416
2047	2417
1348	2418
759	2419
2239	2420
3425	2421
213	2422
1978	2423
483	2424
2362	2425
3181	2426
2388	2427
2621	2428
3569	2429
27	2430
3121	2431
2979	2432
1482	2433
3281	2434
2704	2435
3372	2436
2585	2437
14	2438
2095	2439
3403	2440
1058	2441
580	2442
1362	2443
2446	2444
1743	2445
1670	2446
2570	2447
3446	2448
1123	2449
602	2450
1328	2451
1332	2452
1337	2453
2448	2454
2464	2455
2614	2456
2903	2457
1970	2458
1972	2459
1979	2460
1980	2461
1981	2462
2787	2463
1987	2464
1988	2465
1990	2466
2868	2467
1996	2468
606	2469
3838	2470
3839	2471
2119	2472
2236	2473
1399	2474
126	2475
1822	2476
1826	2477
343	2478
351	2479
484	2480
2219	2481
2996	2482
808	2483
3132	2484
1621	2485
3167	2486
982	2487
3447	2488
2320	2489
1755	2490
1998	2491
1999	2492
2690	2493
2882	2494
1317	2495
1855	2496
460	2497
486	2498
667	2499
1480	2500
1410	2501
743	2502
2303	2503
833	2504
3112	2505
1525	2506
927	2507
3204	2508
1484	2509
3239	2510
1490	2511
3240	2512
102	2513
3326	2514
243	2515
171	2516
3390	2517
2665	2518
1798	2519
15	2520
415	2521
1969	2522
3715	2523
505	2524
2926	2525
374	2526
3597	2527
2799	2528
388	2529
537	2530
393	2531
470	2532
2022	2533
488	2534
3858	2535
3008	2536
1404	2537
1351	2538
1352	2539
3102	2540
1511	2541
2175	2542
3128	2543
3055	2544
2267	2545
2271	2546
2425	2547
1550	2548
2281	2549
3094	2550
2293	2551
3318	2552
1651	2553
3183	2554
1660	2555
1662	2556
1598	2557
993	2558
997	2559
2620	2560
2624	2561
2493	2562
1841	2563
2589	2564
1791	2565
257	2566
1006	2567
335	2568
2682	2569
422	2570
3719	2571
2844	2572
1114	2573
448	2574
1053	2575
75	2576
2885	2577
2024	2578
92	2579
635	2580
3870	2581
2400	2582
3133	2583
935	2584
3604	2585
3622	2586
3813	2587
1067	2588
1445	2589
2816	2590
2817	2591
2818	2592
3767	2593
3138	2594
124	2595
3270	2596
3391	2597
2016	2598
3610	2599
1008	2600
725	2601
3017	2602
2084	2603
1508	2604
1442	2605
3127	2606
2260	2607
2347	2608
1472	2609
3078	2610
3158	2611
2434	2612
3165	2613
893	2614
2458	2615
1659	2616
119	2617
3272	2618
2479	2619
1750	2620
210	2621
1686	2622
1836	2623
228	2624
301	2625
309	2626
3389	2627
250	2628
326	2629
336	2630
2767	2631
283	2632
365	2633
3727	2634
54	2635
525	2636
384	2637
458	2638
547	2639
83	2640
478	2641
3773	2642
603	2643
2669	2644
1150	2645
685	2646
3217	2647
116	2648
1807	2649
807	2650
3947	2651
1454	2652
2196	2653
2500	2654
1816	2655
1906	2656
3521	2657
96	2658
3935	2659
3938	2660
1255	2661
1330	2662
1331	2663
1341	2664
3021	2665
2465	2666
3351	2667
2483	2668
3289	2669
3459	2670
2740	2671
3473	2672
2754	2673
3637	2674
2853	2675
3661	2676
3692	2677
3694	2678
3843	2679
106	2680
1809	2681
528	2682
1503	2683
2715	2684
1184	2685
1824	2686
828	2687
2837	2688
63	2689
2264	2690
2745	2691
2062	2692
1417	2693
1365	2694
3221	2695
3162	2696
2535	2697
2618	2698
1695	2699
1874	2700
2862	2701
2865	2702
523	2703
495	2704
3933	2705
3790	2706
3939	2707
2992	2708
2068	2709
3031	2710
3043	2711
2286	2712
3428	2713
3431	2714
3432	2715
2494	2716
1839	2717
227	2718
3445	2719
3490	2720
2847	2721
2848	2722
2854	2723
2855	2724
3667	2725
2878	2726
3832	2727
3691	2728
482	2729
1326	2730
2128	2731
1336	2732
662	2733
1507	2734
2326	2735
1731	2736
129	2737
148	2738
2737	2739
184	2740
2749	2741
3711	2742
3577	2743
40	2744
3721	2745
2781	2746
2784	2747
2785	2748
3739	2749
2956	2750
565	2751
2044	2752
2982	2753
3625	2754
3106	2755
3945	2756
810	2757
2972	2758
1725	2759
568	2760
1440	2761
2380	2762
2381	2763
2382	2764
358	2765
2201	2766
476	2767
2342	2768
1656	2769
3214	2770
2098	2771
1646	2772
1881	2773
626	2774
656	2775
3144	2776
881	2777
3345	2778
1011	2779
56	2780
387	2781
2730	2782
1412	2783
2071	2784
2611	2785
263	2786
462	2787
121	2788
1758	2789
57	2790
3931	2791
3648	2792
1893	2793
877	2794
3920	2795
716	2796
2275	2797
1483	2798
1642	2799
1669	2800
444	2801
3810	2802
613	2803
2157	2804
2330	2805
1595	2806
2586	2807
2810	2808
3433	2809
2522	2810
37	2811
1437	2812
2859	2813
390	2814
31	2815
3900	2816
2045	2817
3531	2818
3013	2819
754	2820
113	2821
2743	2822
513	2823
2590	2824
2050	2825
9	2826
731	2827
2211	2828
2227	2829
3041	2830
3042	2831
2256	2832
988	2833
992	2834
1817	2835
1825	2836
3434	2837
1837	2838
3442	2839
1853	2840
1867	2841
270	2842
3653	2843
3820	2844
3849	2845
1190	2846
2164	2847
2179	2848
851	2849
3141	2850
875	2851
3313	2852
2523	2853
2383	2854
3343	2855
3520	2856
187	2857
2741	2858
2753	2859
3725	2860
3734	2861
1055	2862
561	2863
2499	2864
3759	2865
2627	2866
3765	2867
3058	2868
1692	2869
3878	2870
1626	2871
1004	2872
1496	2873
2515	2874
3922	2875
760	2876
3862	2877
3140	2878
3780	2879
3695	2880
1439	2881
3463	2882
3669	2883
1170	2884
1516	2885
1383	2886
304	2887
3544	2888
1397	2889
2007	2890
2051	2891
3619	2892
2452	2893
2842	2894
571	2895
1406	2896
2074	2897
3223	2898
1846	2899
2674	2900
1111	2901
3677	2902
621	2903
1312	2904
1567	2905
136	2906
3714	2907
80	2908
3449	2909
2200	2910
23	2911
3936	2912
767	2913
2250	2914
3276	2915
2486	2916
2801	2917
1879	2918
3620	2919
3626	2920
1117	2921
614	2922
3851	2923
3854	2924
3884	2925
3320	2926
2386	2927
2577	2928
167	2929
331	2930
347	2931
2773	2932
3579	2933
3580	2934
1040	2935
1044	2936
385	2937
3912	2938
888	2939
2695	2940
3670	2941
3339	2942
2679	2943
295	2944
2894	2945
3845	2946
570	2947
3496	2948
298	2949
2151	2950
2207	2951
747	2952
1458	2953
2432	2954
1494	2955
990	2956
274	2957
2850	2958
1113	2959
813	2960
1526	2961
867	2962
882	2963
2509	2964
3184	2965
1581	2966
1583	2967
2546	2968
2778	2969
375	2970
2727	2971
2075	2972
973	2973
3143	2974
2938	2975
2967	2976
2843	2977
3309	2978
2537	2979
3572	2980
3886	2981
3567	2982
619	2983
1153	2984
325	2985
2283	2986
2481	2987
803	2988
2711	2989
3940	2990
2449	2991
3805	2992
3562	2993
155	2994
2244	2995
3563	2996
3944	2997
3077	2998
2691	2999
2593	3000
2896	3001
449	3002
3001	3003
1426	3004
3064	3005
3611	3006
3665	3007
453	3008
3830	3009
1313	3010
840	3011
2350	3012
2031	3013
3775	3014
3776	3015
3792	3016
452	3017
1144	3018
681	3019
3154	3020
2934	3021
2981	3022
1622	3023
1636	3024
980	3025
1667	3026
1679	3027
3464	3028
2681	3029
2317	3030
3137	3031
3368	3032
2594	3033
2008	3034
394	3035
702	3036
1547	3037
363	3038
3797	3039
2190	3040
3171	3041
1671	3042
1865	3043
114	3044
2751	3045
705	3046
1829	3047
1898	3048
108	3049
2758	3050
3310	3051
3761	3052
583	3053
1696	3054
2813	3055
2129	3056
1533	3057
2192	3058
3796	3059
1471	3060
2610	3061
1844	3062
3867	3063
1519	3064
2545	3065
2775	3066
59	3067
1063	3068
3902	3069
1668	3070
411	3071
600	3072
2886	3073
2897	3074
835	3075
2189	3076
3716	3077
2928	3078
1098	3079
2086	3080
2237	3081
1455	3082
3222	3083
1493	3084
1814	3085
1864	3086
2839	3087
1151	3088
2131	3089
1369	3090
3118	3091
841	3092
897	3093
3374	3094
178	3095
1038	3096
369	3097
2923	3098
510	3099
386	3100
2257	3101
936	3102
2809	3103
3632	3104
3645	3105
3306	3106
3532	3107
3588	3108
2032	3109
1575	3110
2652	3111
1870	3112
3859	3113
1087	3114
722	3115
294	3116
3086	3117
958	3118
3492	3119
3122	3120
2049	3121
1325	3122
3437	3123
3586	3124
2705	3125
2521	3126
2756	3127
3393	3128
2056	3129
1423	3130
967	3131
2666	3132
2814	3133
3486	3134
3488	3135
3642	3136
3659	3137
3806	3138
1152	3139
3335	3140
3344	3141
2298	3142
1436	3143
769	3144
1447	3145
3218	3146
1675	3147
3427	3148
245	3149
3605	3150
1872	3151
1899	3152
1112	3153
1116	3154
443	3155
2305	3156
1504	3157
698	3158
2187	3159
862	3160
2345	3161
1574	3162
1585	3163
131	3164
1749	3165
149	3166
2733	3167
197	3168
2765	3169
2776	3170
1056	3171
61	3172
1857	3173
962	3174
2466	3175
214	3176
1849	3177
3465	3178
251	3179
1121	3180
1154	3181
1181	3182
3311	3183
2562	3184
3371	3185
3587	3186
2945	3187
746	3188
220	3189
1565	3190
3924	3191
128	3192
751	3193
755	3194
925	3195
3092	3196
3415	3197
3419	3198
2632	3199
3292	3200
3338	3201
3737	3202
3073	3203
2419	3204
2536	3205
844	3206
3319	3207
359	3208
2101	3209
3781	3210
3817	3211
391	3212
3905	3213
2246	3214
1168	3215
3026	3216
2812	3217
1602	3218
1570	3219
341	3220
3833	3221
2635	3222
1349	3223
84	3224
1163	3225
3906	3226
2221	3227
1811	3228
212	3229
320	3230
1793	3231
310	3232
1538	3233
397	3234
3573	3235
3574	3236
703	3237
389	3238
3283	3239
632	3240
3894	3241
77	3242
573	3243
850	3244
2307	3245
3474	3246
815	3247
3523	3248
939	3249
3921	3250
2994	3251
2158	3252
1520	3253
1420	3254
3641	3255
652	3256
726	3257
3049	3258
3652	3259
3892	3260
1000	3261
2964	3262
1105	3263
2658	3264
297	3265
3666	3266
1549	3267
3592	3268
200	3269
1501	3270
1384	3271
2444	3272
2441	3273
2834	3274
811	3275
2209	3276
2185	3277
1532	3278
966	3279
874	3280
189	3281
2534	3282
3050	3283
244	3284
3570	3285
2636	3286
3644	3287
3818	3288
2892	3289
1522	3290
1174	3291
2197	3292
1322	3293
3116	3294
1026	3295
2930	3296
972	3297
3333	3298
1324	3299
3585	3300
2234	3301
219	3302
526	3303
3207	3304
2569	3305
2557	3306
1878	3307
3003	3308
3850	3309
3161	3310
1718	3311
1444	3312
3847	3313
2931	3314
771	3315
3443	3316
103	3317
3495	3318
2768	3319
598	3320
567	3321
1850	3322
1890	3323
1741	3324
3636	3325
53	3326
793	3327
3410	3328
3803	3329
2777	3330
1901	3331
3245	3332
3025	3333
775	3334
1891	3335
1138	3336
3875	3337
1335	3338
2783	3339
3757	3340
3777	3341
3848	3342
3303	3343
2984	3344
563	3345
3402	3346
90	3347
2156	3348
560	3349
2397	3350
2904	3351
2914	3352
554	3353
1770	3354
2602	3355
3027	3356
1989	3357
1433	3358
2332	3359
2055	3360
1486	3361
3866	3362
3215	3363
1071	3364
2675	3365
863	3366
49	3367
618	3368
1160	3369
3853	3370
1514	3371
1534	3372
2191	3373
3149	3374
2911	3375
2933	3376
732	3377
2215	3378
2242	3379
1685	3380
2631	3381
3657	3382
3778	3383
3282	3384
1780	3385
847	3386
3166	3387
864	3388
2963	3389
2063	3390
3293	3391
1664	3392
2831	3393
2503	3394
264	3395
3880	3396
1164	3397
